0	0	0
1	0	0
2	0	1
3	0	4
4	0	9
5	0	16
6	0	25
7	0	36
8	1	49
9	2	64
10	2	81
11	3	100
12	3	121
13	4	144
14	4	169
15	5	196
16	6	225
17	6	256
18	7	289
19	9	324
20	9	361
21	9	400
22	10	441
23	12	484
24	12	529
25	12	576
26	14	625
27	14	676
28	17	729
29	19	784
30	18	841
31	20	900
32	20	961
33	23	1024
34	24	1089
35	25	1156
36	26	1225
37	28	1296
38	28	1369
39	30	1444
40	31	1521
41	36	1600
42	36	1681
43	38	1764
44	37	1849
45	40	1936
46	41	2025
47	45	2116
48	47	2209
49	49	2304
50	51	2401
51	53	2500
52	53	2601
53	57	2704
54	56	2809
55	64	2916
56	63	3025
57	65	3136
58	66	3249
59	73	3364
60	73	3481
61	93	3600
62	73	3721
63	79	3844
64	78	3969
65	65	4096
66	40	4225
67	42	4356
68	42	4489
69	43	4624
70	43	4761
71	44	4900
72	46	5041
73	46	5184
74	48	5329
75	50	5476
76	50	5625
77	52	5776
78	52	5929
79	54	6084
80	57	6241
81	57	6400
82	61	6561
83	61	6724
84	60	6889
85	65	7056
86	64	7225
87	67	7396
88	70	7569
89	70	7744
90	67	7921
91	72	8100
92	75	8281
93	73	8464
94	73	8649
95	76	8836
96	79	9025
97	79	9216
98	80	9409
99	84	9604
100	84	9801
101	89	10000
102	89	10201
103	88	10404
104	90	10609
105	92	10816
106	94	11025
107	101	11236
108	96	11449
109	97	11664
110	100	11881
111	103	12100
112	104	12321
113	110	12544
114	107	12769
115	110	12996
116	111	13225
117	113	13456
118	113	13689
119	113	13924
120	117	14161
121	118	14400
122	122	14641
123	123	14884
124	128	15129
125	142	15376
126	187	15625
127	184	15876
128	195	16129
129	202	16384
130	211	16641
131	222	16900
132	221	17161
133	210	17424
134	212	17689
135	147	17956
136	164	18225
137	154	18496
138	152	18769
139	167	19044
140	157	19321
141	160	19600
142	159	19881
143	160	20164
144	165	20449
145	167	20736
146	168	21025
147	172	21316
148	173	21609
149	171	21904
150	178	22201
151	180	22500
152	181	22801
153	179	23104
154	186	23409
155	191	23716
156	190	24025
157	194	24336
158	197	24649
159	201	24964
160	201	25281
161	210	25600
162	205	25921
163	211	26244
164	211	26569
165	211	26896
166	215	27225
167	220	27556
168	219	27889
169	222	28224
170	224	28561
171	221	28900
172	234	29241
173	229	29584
174	238	29929
175	239	30276
176	236	30625
177	241	30976
178	245	31329
179	251	31684
180	253	32041
181	254	32400
182	251	32761
183	257	33124
184	258	33489
185	262	33856
186	265	34225
187	266	34596
188	271	34969
189	274	35344
190	284	35721
191	300	36100
192	310	36481
193	302	36864
194	410	37249
195	317	37636
196	310	38025
197	292	38416
198	298	38809
199	298	39204
200	302	39601
201	339	40000
202	511	40401
203	475	40804
204	388	41209
205	320	41616
206	323	42025
207	326	42436
208	329	42849
209	336	43264
210	333	43681
211	328	44100
212	341	44521
213	349	44944
214	345	45369
215	346	45796
216	363	46225
217	354	46656
218	356	47089
219	363	47524
220	363	47961
221	360	48400
222	369	48841
223	374	49284
224	367	49729
225	383	50176
226	381	50625
227	387	51076
228	383	51529
229	393	51984
230	400	52441
231	395	52900
232	395	53361
233	401	53824
234	398	54289
235	403	54756
236	405	55225
237	490	55696
238	425	56169
239	432	56644
240	434	57121
241	428	57600
242	429	58081
243	436	58564
244	431	59049
245	455	59536
246	464	60025
247	452	60516
248	453	61009
249	459	61504
250	454	62001
251	468	62500
252	469	63001
253	474	63504
254	496	64009
255	474	64516
256	481	65025
257	484	65536
258	481	66049
259	498	66564
260	496	67081
261	501	67600
262	512	68121
263	506	68644
264	514	69169
265	510	69696
266	513	70225
267	526	70756
268	519	71289
269	532	71824
270	548	72361
271	535	72900
272	537	73441
273	544	73984
274	554	74529
275	556	75076
276	559	75625
277	570	76176
278	564	76729
279	570	77284
280	573	77841
281	590	78400
282	577	78961
283	583	79524
284	600	80089
285	593	80656
286	594	81225
287	663	81796
288	599	82369
289	604	82944
290	621	83521
291	621	84100
292	621	84681
293	627	85264
294	633	85849
295	634	86436
296	632	87025
297	649	87616
298	644	88209
299	648	88804
300	651	89401
301	655	90000
302	658	90601
303	668	91204
304	665	91809
305	672	92416
306	673	93025
307	686	93636
308	683	94249
309	682	94864
310	706	95481
311	697	96100
312	694	96721
313	715	97344
314	712	97969
315	713	98596
316	724	99225
317	720	99856
318	741	100489
319	739	101124
320	746	101761
321	746	102400
322	754	103041
323	759	103684
324	760	104329
325	752	104976
326	767	105625
327	768	106276
328	773	106929
329	780	107584
330	793	108241
331	772	108900
332	793	109561
333	786	110224
334	795	110889
335	804	111556
336	807	112225
337	814	112896
338	832	113569
339	837	114244
340	825	114921
341	842	115600
342	843	116281
343	858	116964
344	865	117649
345	865	118336
346	863	119025
347	857	119716
348	858	120409
349	870	121104
350	873	121801
351	869	122500
352	885	123201
353	904	123904
354	894	124609
355	887	125316
356	898	126025
357	925	126736
358	924	127449
359	920	128164
360	923	128881
361	917	129600
362	944	130321
363	935	131044
364	948	131769
365	959	132496
366	972	133225
367	963	133956
368	972	134689
369	969	135424
370	979	136161
371	983	136900
372	990	137641
373	991	138384
374	987	139129
375	998	139876
376	996	140625
377	1009	141376
378	1006	142129
379	1037	142884
380	1019	143641
381	1027	144400
382	1031	145161
383	1045	145924
384	1038	146689
385	1049	147456
386	1084	148225
387	1052	148996
388	1065	149769
389	1079	150544
390	1075	151321
391	1072	152100
392	1087	152881
393	1090	153664
394	1107	154449
395	1102	155236
396	1103	156025
397	1130	156816
398	1116	157609
399	1114	158404
400	1134	159201
401	1144	160000
402	1150	160801
403	1137	161604
404	1148	162409
405	1166	163216
406	1155	164025
407	1166	164836
408	1173	165649
409	1180	166464
410	1171	167281
411	1210	168100
412	1204	168921
413	1202	169744
414	1209	170569
415	1225	171396
416	1207	172225
417	1219	173056
418	1218	173889
419	1242	174724
420	1234	175561
421	1253	176400
422	1240	177241
423	1250	178084
424	1276	178929
425	1282	179776
426	1275	180625
427	1264	181476
428	1293	182329
429	1274	183184
430	1296	184041
431	1314	184900
432	1284	185761
433	1336	186624
434	1337	187489
435	1329	188356
436	1333	189225
437	1329	190096
438	1347	190969
439	1382	191844
440	1352	192721
441	1356	193600
442	1379	194481
443	1379	195364
444	1376	196249
445	1391	197136
446	1397	198025
447	1384	198916
448	1409	199809
449	1402	200704
450	1414	201601
451	1450	202500
452	1434	203401
453	1446	204304
454	1519	205209
455	1457	206116
456	1473	207025
457	1463	207936
458	1461	208849
459	1471	209764
460	1487	210681
461	1483	211600
462	1490	212521
463	1491	213444
464	1507	214369
465	1525	215296
466	1534	216225
467	1534	217156
468	1537	218089
469	1530	219024
470	1543	219961
471	1555	220900
472	1548	221841
473	1571	222784
474	1572	223729
475	1574	224676
476	1594	225625
477	1584	226576
478	1590	227529
479	1613	228484
480	1623	229441
481	1612	230400
482	1613	231361
483	1609	232324
484	1641	233289
485	1664	234256
486	1648	235225
487	1652	236196
488	1680	237169
489	1671	238144
490	1661	239121
491	1670	240100
492	1708	241081
493	1680	242064
494	1716	243049
495	1706	244036
496	1705	245025
497	1700	246016
498	1731	247009
499	1741	248004
500	1743	249001
501	1740	250000
502	1759	251001
503	1772	252004
504	1779	253009
505	1757	254016
506	1781	255025
507	1785	256036
508	1792	257049
509	1809	258064
510	1814	259081
511	1839	260100
512	1814	261121
513	1815	262144
514	1847	263169
515	1833	264196
516	1871	265225
517	1861	266256
518	1858	267289
519	1868	268324
520	1888	269361
521	2184	270400
522	1884	271441
523	1930	272484
524	1900	273529
525	1900	274576
526	1917	275625
527	1916	276676
528	1958	277729
529	1942	278784
530	1962	279841
531	2106	280900
532	1953	281961
533	1976	283024
534	1969	284089
535	1994	285156
536	1984	286225
537	1997	287296
538	1993	288369
539	2024	289444
540	2023	290521
541	2030	291600
542	2019	292681
543	2056	293764
544	2056	294849
545	2037	295936
546	2051	297025
547	2074	298116
548	2070	299209
549	2066	300304
550	2098	301401
551	2117	302500
552	2090	303601
553	2108	304704
554	2123	305809
555	2132	306916
556	2148	308025
557	2153	309136
558	2141	310249
559	2199	311364
560	2170	312481
561	2163	313600
562	2182	314721
563	2186	315844
564	2179	316969
565	2195	318096
566	2197	319225
567	2265	320356
568	2249	321489
569	2231	322624
570	2242	323761
571	2237	324900
572	2246	326041
573	2258	327184
574	2294	328329
575	2294	329476
576	2291	330625
577	2266	331776
578	2314	332929
579	2313	334084
580	2336	335241
581	2330	336400
582	2326	337561
583	2362	338724
584	2327	339889
585	2365	341056
586	2378	342225
587	2372	343396
588	2380	344569
589	2358	345744
590	2381	346921
591	2400	348100
592	2426	349281
593	2438	350464
594	2432	351649
595	2434	352836
596	2436	354025
597	2453	355216
598	2447	356409
599	2462	357604
600	2538	358801
601	2483	360000
602	2535	361201
603	2530	362404
604	2507	363609
605	2515	364816
606	2527	366025
607	2532	367236
608	2526	368449
609	2551	369664
610	2576	370881
611	2551	372100
612	2593	373321
613	2608	374544
614	2562	375769
615	2577	376996
616	2588	378225
617	2612	379456
618	2663	380689
619	2627	381924
620	2647	383161
621	2670	384400
622	2647	385641
623	2666	386884
624	2672	388129
625	2676	389376
626	2690	390625
627	2709	391876
628	2697	393129
629	2687	394384
630	2707	395641
631	2863	396900
632	2729	398161
633	2792	399424
634	2779	400689
635	3318	401956
636	2789	403225
637	2775	404496
638	2837	405769
639	2782	407044
640	2867	408321
641	2803	409600
642	2788	410881
643	2838	412164
644	2833	413449
645	2871	414736
646	2886	416025
647	2893	417316
648	2888	418609
649	2866	419904
650	2884	421201
651	2909	422500
652	2922	423801
653	2915	425104
654	2954	426409
655	2942	427716
656	2940	429025
657	2967	430336
658	2959	431649
659	2968	432964
660	2969	434281
661	2988	435600
662	3008	436921
663	3005	438244
664	3000	439569
665	3049	440896
666	3009	442225
667	3043	443556
668	3031	444889
669	3055	446224
670	3095	447561
671	3089	448900
672	3110	450241
673	3132	451584
674	3175	452929
675	3110	454276
676	3115	455625
677	3126	456976
678	3109	458329
679	3128	459684
680	3145	461041
681	3157	462400
682	3157	463761
683	3192	465124
684	3224	466489
685	3210	467856
686	3230	469225
687	3168	470596
688	3176	471969
689	3277	473344
690	3261	474721
691	3257	476100
692	3241	477481
693	3260	478864
694	3308	480249
695	3301	481636
696	3337	483025
697	3307	484416
698	3349	485809
699	3303	487204
700	3347	488601
701	3327	490000
702	3373	491401
703	3353	492804
704	3386	494209
705	3403	495616
706	3397	497025
707	3372	498436
708	3410	499849
709	3414	501264
710	3478	502681
711	3421	504100
712	3515	505521
713	3465	506944
714	3483	508369
715	3493	509796
716	3465	511225
717	3495	512656
718	3499	514089
719	3577	515524
720	3525	516961
721	3569	518400
722	3566	519841
723	3542	521284
724	3574	522729
725	3594	524176
726	3599	525625
727	3577	527076
728	3647	528529
729	3631	529984
730	3638	531441
731	3652	532900
732	3610	534361
733	3654	535824
734	3659	537289
735	3747	538756
736	3722	540225
737	3700	541696
738	3713	543169
739	3767	544644
740	3738	546121
741	3764	547600
742	3710	549081
743	3742	550564
744	3801	552049
745	3805	553536
746	3801	555025
747	3786	556516
748	3815	558009
749	3792	559504
750	3848	561001
751	3810	562500
752	3810	564001
753	3906	565504
754	3863	567009
755	3841	568516
756	3875	570025
757	3887	571536
758	3878	573049
759	3890	574564
760	3929	576081
761	3954	577600
762	3951	579121
763	3954	580644
764	3929	582169
765	3980	583696
766	3986	585225
767	3984	586756
768	3936	588289
769	3990	589824
770	4044	591361
771	4068	592900
772	4042	594441
773	4067	595984
774	4062	597529
775	4079	599076
776	4070	600625
777	4126	602176
778	4116	603729
779	4175	605284
780	4107	606841
781	4157	608400
782	4157	609961
783	4118	611524
784	4181	613089
785	4209	614656
786	4231	616225
787	4279	617796
788	4217	619369
789	4222	620944
790	4239	622521
791	4228	624100
792	4278	625681
793	4273	627264
794	4248	628849
795	4250	630436
796	4296	632025
797	4309	633616
798	4338	635209
799	4318	636804
800	4370	638401
801	4442	640000
802	4361	641601
803	4370	643204
804	4897	644809
805	4467	646416
806	4483	648025
807	4409	649636
808	4451	651249
809	4422	652864
810	4466	654481
811	4444	656100
812	4495	657721
813	4492	659344
814	4471	660969
815	4469	662596
816	4503	664225
817	4536	665856
818	4565	667489
819	4514	669124
820	4580	670761
821	4557	672400
822	4601	674041
823	4509	675684
824	4596	677329
825	4586	678976
826	4612	680625
827	4636	682276
828	4633	683929
829	4674	685584
830	4683	687241
831	4698	688900
832	4728	690561
833	5967	692224
834	4792	693889
835	4795	695556
836	4749	697225
837	4947	698896
838	4709	700569
839	4795	702244
840	4812	703921
841	4792	705600
842	4782	707281
843	4796	708964
844	4815	710649
845	4919	712336
846	4865	714025
847	4856	715716
848	4868	717409
849	4970	719104
850	4913	720801
851	4957	722500
852	4932	724201
853	4924	725904
854	4944	727609
855	4969	729316
856	5034	731025
857	4938	732736
858	4941	734449
859	5013	736164
860	4994	737881
861	5059	739600
862	5017	741321
863	5037	743044
864	5066	744769
865	5041	746496
866	5065	748225
867	5037	749956
868	5072	751689
869	5092	753424
870	5127	755161
871	5177	756900
872	5170	758641
873	5130	760384
874	5128	762129
875	5185	763876
876	5197	765625
877	5214	767376
878	5242	769129
879	5211	770884
880	5224	772641
881	5239	774400
882	5283	776161
883	5256	777924
884	5284	779689
885	5297	781456
886	5308	783225
887	5408	784996
888	5363	786769
889	5337	788544
890	5437	790321
891	5356	792100
892	5449	793881
893	5389	795664
894	5429	797449
895	5404	799236
896	5449	801025
897	5466	802816
898	5459	804609
899	5473	806404
900	5497	808201
901	5527	810000
902	5494	811801
903	5555	813604
904	5526	815409
905	5532	817216
906	5550	819025
907	5601	820836
908	5564	822649
909	5615	824464
910	5606	826281
911	5581	828100
912	5617	829921
913	5650	831744
914	5655	833569
915	5647	835396
916	5696	837225
917	5727	839056
918	5694	840889
919	5753	842724
920	5874	844561
921	5783	846400
922	6325	848241
923	5725	850084
924	5871	851929
925	5801	853776
926	5816	855625
927	5827	857476
928	5804	859329
929	5824	861184
930	5875	863041
931	5868	864900
932	5883	866761
933	5888	868624
934	5870	870489
935	5923	872356
936	5921	874225
937	5931	876096
938	5956	877969
939	5935	879844
940	6040	881721
941	5964	883600
942	5957	885481
943	6022	887364
944	6009	889249
945	6024	891136
946	6008	893025
947	6086	894916
948	6061	896809
949	6120	898704
950	6132	900601
951	6110	902500
952	6129	904401
953	6139	906304
954	6144	908209
955	6195	910116
956	6135	912025
957	6139	913936
958	6175	915849
959	6187	917764
960	6241	919681
961	6248	921600
962	6273	923521
963	6245	925444
964	6297	927369
965	6280	929296
966	6310	931225
967	6353	933156
968	6312	935089
969	6363	937024
970	6351	938961
971	6326	940900
972	6366	942841
973	6467	944784
974	6387	946729
975	6424	948676
976	6447	950625
977	6407	952576
978	6420	954529
979	6438	956484
980	6496	958441
981	6500	960400
982	6526	962361
983	6468	964324
984	6502	966289
985	6533	968256
986	6558	970225
987	6599	972196
988	6569	974169
989	6643	976144
990	6657	978121
991	6691	980100
992	6629	982081
993	6654	984064
994	6631	986049
995	6726	988036
996	6690	990025
997	6764	992016
998	6748	994009
999	6732	996004
